 92
 67
 8
 95
 14
 24
 93
 38
 68
 57
 74
 54
 22
 35
 68
 64
 68
 86
 59
 7
 95
 57
 84
 91
 6
 59
 4
 7
 00
 56
 07
 05
 96
 72
 50
 62
 18
 4
 17
 81
 29
 94
 59
 34
 35
 01
 96
 99
 28
 3
 90
 3
 98
 61
 5
 14
 07
 31
 37
 83
 71
 74
 19
 19
 59
 92
 99
 56
 21
 82
 39
 37
 83
 09
 14
 04
 28
 9
 69
 10
 75
 10
 08
 80
 82
 90
 70
 39
 92
 71
 99
 9
 2
 64
 04
 87
 25
 7
 74
 81
 28
 32
 89
 25
 15
 71
 544
 16
 90
 39
 89
 57
 06
 77
 00
 09
 32
 6
 53
 87
 72
 15
 11
 31
 74
 84
 33
 92
 21
 93
 92
 99
 32
 04
 20
 58
 62
 03
 06
 81
 65
 55
 07
 56
 0
 00
 67
 17
 57
 17
 73
 50
 35
 03
 32
 98
 54
 64
 37
 88
 06
 57
 65
 91
 56
 15
 54
 67
 06
 18
 37
 07
 81
 20
 84
 01
 27
 15
 15
 28
 83
 11
 05
 8
 0
 32
 55
 20
 72
 27
 70
 66
 544
 27
 23
 85
 84
 93
 28
 58
 90
 56
 64
 36
 23
 07
 85
 36
 7
 99
 82
 86
 99
 6
 91
 19
 24
 63
 1
 29
 39
 04
 98
 57
 08
 63
 64
 61
 30
 63
 07
 29
 60
 90
 00
 84
 8
 14
 26
 71
 56
 0
 81
 39
 18
 83
 7
 92
 19
 20
 68
 56
 38
 85
 37
 06
 65
 11
 67
 24
 13
 79
 66
 28
 52
 01
 75
 84
 92
 36
 62
 20
 60
 10
 13
 96
 34
 2
 76
 91
 06
 80
 04
 82
 80
 99
 00
 58
 92
 94
 28
 02
 83
 17
 37
 68
 13
 77
 81
 9
 
