58
23
4
51
70
80
59
94
24
13
30
10
88
91
24
20
24
42
15
3
51
13
40
57
2
15
0
3
66
12
63
61
52
38
16
28
74
0
73
47
85
50
15
90
91
67
52
55
84
9
56
9
54
27
1
70
63
97
93
49
37
30
75
75
15
58
55
12
87
48
95
93
49
65
70
60
84
5
25
76
31
76
64
46
48
56
36
95
58
37
55
5
8
20
60
43
81
3
30
47
84
98
45
81
71
37
100
72
56
95
45
13
62
33
66
65
98
2
19
43
38
71
77
97
30
40
99
58
87
59
58
55
98
60
86
14
28
69
62
47
21
11
63
12
6
66
23
73
13
73
39
16
91
69
98
54
10
20
93
44
62
13
21
57
12
71
10
23
62
74
93
63
47
86
40
67
83
71
71
84
49
77
61
4
6
98
11
86
38
83
36
22
100
83
89
41
40
59
84
14
56
12
20
92
89
63
41
92
3
55
48
42
55
2
57
75
80
29
7
85
95
60
54
13
64
29
20
27
96
29
63
85
26
56
66
40
4
70
82
37
12
6
47
95
74
49
3
58
75
86
24
12
94
41
93
62
21
77
23
80
79
35
22
84
18
67
31
40
58
92
28
86
26
76
79
52
90
8
32
57
62
46
60
48
46
55
66
14
58
50
84
68
49
73
93
24
79
33
47
5
